P2
# Created by IrfanView

30 30
162
162 145 128 113 098 085 074 065 058 053 050 049 049 049 049 049 049 049 050 053 058 065 073 080 089 100 113 128 145 162 
145 128 113 098 085 072 061 052 045 040 037 036 036 036 036 036 036 036 037 040 045 052 058 065 074 085 098 113 128 145 
128 113 098 085 072 061 050 041 034 029 026 025 025 025 025 025 025 025 026 029 034 040 045 052 061 072 085 098 113 128 
113 098 085 072 061 050 041 032 025 020 017 016 016 016 016 016 016 016 017 020 025 029 034 041 050 061 072 085 098 113 
098 085 072 061 050 041 032 025 018 013 010 009 009 009 009 009 009 009 010 013 017 020 025 032 041 050 061 072 085 100 
085 072 061 050 041 032 025 018 013 008 005 004 004 004 004 004 004 004 005 008 010 013 018 025 032 041 050 061 074 089 
074 061 050 041 032 025 018 013 008 005 002 001 001 001 001 001 001 001 002 004 005 008 013 018 025 032 041 052 065 080 
065 052 041 032 025 018 013 008 005 002 001 000 000 000 000 000 000 000 001 001 002 005 008 013 018 025 034 045 058 073 
058 045 034 025 018 013 008 005 002 001 000 000 000 000 000 000 000 000 000 000 001 002 005 008 013 020 029 040 052 065 
053 040 029 020 013 008 005 002 001 000 000 000 000 000 000 000 000 000 000 000 000 001 002 005 010 017 025 034 045 058 
050 037 026 017 010 005 002 001 000 000 000 000 000 000 000 000 000 000 000 000 000 000 001 004 008 013 020 029 040 053 
049 036 025 016 009 004 001 000 000 000 000 000 000 000 000 000 000 000 000 000 000 000 001 002 005 010 017 026 037 050 
049 036 025 016 009 004 001 000 000 000 000 000 000 000 000 000 000 000 000 000 000 000 000 001 004 009 016 025 036 049 
049 036 025 016 009 004 001 000 000 000 000 000 000 000 000 000 000 000 000 000 000 000 000 001 004 009 016 025 036 049 
049 036 025 016 009 004 001 000 000 000 000 000 000 000 000 000 000 000 000 000 000 000 000 001 004 009 016 025 036 049 
049 036 025 016 009 004 001 000 000 000 000 000 000 000 000 000 000 000 000 000 000 000 000 001 004 009 016 025 036 049 
049 036 025 016 009 004 001 000 000 000 000 000 000 000 000 000 000 000 000 000 000 000 000 001 004 009 016 025 036 049 
049 036 025 016 009 004 001 000 000 000 000 000 000 000 000 000 000 000 000 000 000 000 001 002 005 010 017 026 037 050 
050 037 026 017 010 005 002 001 000 000 000 000 000 000 000 000 000 000 000 000 000 000 001 004 008 013 020 029 040 053 
053 040 029 020 013 008 004 001 000 000 000 000 000 000 000 000 000 000 000 000 000 001 002 005 010 017 025 034 045 058 
058 045 034 025 017 010 005 002 001 000 000 000 000 000 000 000 000 000 000 000 000 001 004 008 013 020 029 040 052 065 
065 052 040 029 020 013 008 004 001 000 000 000 000 000 000 000 000 000 000 000 001 002 005 010 017 025 034 045 058 073 
073 058 045 034 025 016 009 004 001 000 000 000 000 000 000 000 000 000 000 000 001 004 008 013 020 029 040 052 065 080 
080 065 050 037 026 017 010 005 002 001 001 001 001 001 001 001 001 001 001 001 002 005 010 017 025 034 045 058 073 089 
085 068 053 040 029 020 013 008 005 004 004 004 004 004 004 004 004 004 004 004 005 008 013 020 029 040 052 065 080 097 
090 073 058 045 034 025 018 013 010 009 009 009 009 009 009 009 009 009 009 009 010 013 018 025 034 045 058 073 089 106 
097 080 065 052 041 032 025 020 017 016 016 016 016 016 016 016 016 016 016 016 017 020 025 032 041 052 065 080 097 116 
106 089 074 061 050 041 034 029 026 025 025 025 025 025 025 025 025 025 025 025 026 029 034 041 050 061 074 089 106 125 
117 100 085 072 061 052 045 040 037 036 036 036 036 036 036 036 036 036 036 036 037 040 045 052 061 072 085 100 117 136 
130 113 098 085 074 065 058 053 050 049 049 049 049 049 049 049 049 049 049 049 050 053 058 065 074 085 098 113 130 149 
